Ambient Temperature(C): 27.2
Ambient Pressure(in Hg): 
Time(s)	T1(Deg C)	T2(Deg C)	P1(PSI)	P2(PSI)	Mass Flowrate(g/min)

0.00	27.10	26.20	1.60	2.00	0.00
0.10	27.10	26.20	1.20	2.10	0.00
0.20	27.00	26.10	2.90	2.00	0.00
0.30	27.10	26.20	1.20	1.80	0.00
0.40	27.10	26.20	0.00	2.10	0.00
0.50	27.10	26.20	1.30	1.80	0.00
0.60	27.20	26.30	1.30	1.70	0.00
0.70	27.20	26.30	1.30	1.70	0.00
0.80	27.10	26.10	1.20	1.70	0.00
0.90	27.10	26.20	1.60	1.80	0.00
1.00	27.10	26.20	1.30	1.50	0.00
1.10	27.10	26.10	1.20	2.10	0.00
1.20	27.20	26.20	1.20	2.10	0.00
1.30	27.20	26.20	1.30	2.10	0.00
1.40	27.20	26.30	1.20	2.10	0.00
1.50	27.20	26.30	2.10	2.10	0.00
1.60	27.20	26.30	2.10	2.10	0.00
1.70	27.10	26.20	1.30	2.10	0.00
1.80	27.10	26.20	0.70	2.00	0.00
1.90	27.00	26.20	1.30	1.80	0.00
2.00	27.00	26.20	1.60	2.10	0.00
2.10	27.10	26.30	1.50	2.10	0.00
2.20	27.20	26.20	1.20	2.10	0.00
2.30	27.20	26.20	1.20	2.40	0.00
2.40	27.10	26.20	1.20	2.90	0.00
2.50	27.10	26.30	1.20	2.90	0.00
2.60	27.10	26.30	1.80	2.00	0.00
2.70	27.10	26.20	1.00	1.70	0.00
2.80	27.10	26.20	1.30	0.90	0.00
2.90	27.10	26.20	1.60	2.00	0.00
3.00	27.10	26.20	1.00	2.30	0.00
3.10	27.30	26.30	1.00	1.80	0.00
3.20	27.30	26.30	1.80	2.10	0.00
3.30	27.20	26.20	1.00	2.10	0.00
3.40	27.00	26.20	1.00	2.10	0.00
3.50	27.00	26.20	1.00	1.80	0.00
3.60	27.10	26.20	1.20	2.00	0.00
3.70	27.20	26.40	0.70	2.00	0.00
3.80	27.20	26.40	1.30	2.10	0.00
3.90	27.20	26.20	1.30	1.80	0.00
4.00	27.10	26.30	1.60	2.10	0.00
4.10	27.10	26.30	1.60	2.00	0.00
4.20	27.20	26.30	1.30	1.80	0.00
4.30	27.20	26.30	1.30	1.80	0.00
4.40	27.20	26.30	1.30	2.10	0.00
4.50	27.20	26.20	1.30	2.10	0.00
4.60	27.20	26.20	1.30	2.10	0.00
4.70	27.20	26.20	1.60	2.10	0.00
4.80	27.20	26.30	1.50	2.00	0.00
4.90	27.30	26.40	1.20	2.00	0.00
5.00	27.30	26.40	1.30	1.70	0.00
5.10	27.20	26.30	1.30	2.00	0.00
5.20	27.10	26.30	1.30	2.00	0.00
5.30	27.10	26.30	1.50	1.80	0.00
5.40	27.20	26.20	1.30	2.10	0.00
5.50	27.30	26.40	0.30	2.00	0.00
5.60	27.30	26.40	1.50	1.20	0.00
5.70	27.10	26.20	1.50	2.10	0.00
5.80	27.20	26.30	0.70	2.10	0.00
5.90	27.20	26.30	1.00	2.00	0.00
6.00	27.20	26.30	1.30	2.10	0.00
6.10	27.20	26.30	1.30	2.10	0.00
6.20	27.20	26.30	1.30	1.70	0.00
6.30	27.30	26.20	1.20	2.00	0.00
6.40	27.10	26.20	1.20	2.00	0.00
6.50	27.10	26.20	1.50	2.00	0.00
6.60	27.20	26.30	1.00	2.00	0.00
6.70	27.20	26.30	1.20	2.00	0.00
6.80	27.20	26.30	1.30	2.30	0.00
6.90	27.20	26.20	1.30	2.60	0.00
7.00	27.20	26.20	1.50	2.10	0.00
7.10	27.30	26.30	1.30	2.00	0.00
7.20	27.10	26.30	0.40	2.00	0.00
7.30	27.10	26.30	1.80	2.10	0.00
7.40	27.10	26.20	1.30	2.00	0.00
7.50	27.20	26.30	1.00	2.60	0.00
7.60	27.20	26.30	1.20	1.80	0.00
7.70	27.30	26.20	1.60	1.80	0.00
7.80	27.20	26.30	1.60	1.80	-0.02
7.90	27.20	26.30	1.20	1.50	0.00
8.00	27.30	26.30	1.50	2.10	0.00
8.10	27.30	26.30	1.30	2.10	0.00
8.20	27.20	26.20	1.20	2.10	0.00
8.30	27.20	26.20	1.20	1.80	0.00
8.40	27.20	26.20	1.60	2.00	0.00
8.50	27.30	26.40	1.50	2.00	0.00
8.60	27.30	26.40	1.20	2.10	0.00
8.70	27.30	26.40	1.20	2.10	0.00
8.80	27.30	26.30	1.20	2.30	0.00
8.90	27.30	26.50	0.60	2.10	0.00
9.00	27.30	26.50	2.70	1.80	0.00
9.10	27.20	26.20	1.50	2.10	0.00
9.20	27.30	26.30	1.20	2.00	0.00
9.30	27.30	26.30	1.30	2.10	0.00
9.40	27.20	26.30	2.00	2.10	0.00
9.50	27.30	26.30	1.20	1.80	0.00
9.60	27.30	26.30	1.20	1.80	0.00
9.70	27.30	26.40	1.30	1.80	0.00
9.80	27.30	26.40	0.40	2.00	0.00
9.90	27.20	26.30	1.20	2.00	0.00
10.00	27.20	26.30	1.50	1.20	0.00
10.10	27.30	26.30	1.20	1.80	0.00
10.20	27.30	26.10	1.30	2.30	0.00
10.30	27.30	26.10	1.60	2.60	0.00
10.40	27.30	26.30	1.30	1.80	0.00
10.50	27.30	26.30	1.30	1.80	0.00
10.60	27.20	26.10	1.20	2.10	0.00
10.70	27.30	26.30	1.20	2.00	0.00
10.80	27.30	26.30	1.30	2.30	0.00
10.90	27.30	26.30	1.50	1.80	0.00
11.00	27.20	26.40	1.00	2.10	0.00
11.10	27.20	26.40	1.20	2.10	0.00
11.20	27.30	26.40	1.30	2.00	0.00
11.30	27.10	26.30	1.50	2.00	0.00
11.40	27.10	26.30	1.50	2.00	0.00
11.50	27.20	26.30	1.20	1.80	0.00
11.60	27.30	26.30	0.90	1.80	0.00
11.70	27.30	26.30	1.30	2.10	0.00
11.80	27.30	26.50	2.70	2.60	13.39
11.90	27.30	26.50	2.30	2.60	5.95
12.00	27.50	26.80	3.30	2.40	1.47
12.10	28.00	26.80	3.20	2.40	0.42
12.20	28.00	26.80	3.50	3.30	-0.27
12.30	28.20	26.80	3.50	3.30	-0.62
12.40	28.40	26.80	3.00	2.40	-0.70
12.50	28.40	26.80	3.00	2.60	-0.73
12.60	28.40	26.80	3.30	2.40	-0.74
12.70	28.30	26.90	3.50	2.70	-0.74
12.80	28.30	26.90	3.00	2.10	-0.74
12.90	28.60	26.80	3.00	2.30	-0.74
13.00	28.50	26.70	2.90	2.60	-0.74
13.10	28.50	26.70	3.00	2.30	-0.74
13.20	28.40	26.80	3.00	2.30	-0.48
13.30	28.40	26.80	3.00	2.30	-0.11
13.40	28.40	26.90	3.00	2.40	-0.03
13.50	28.40	26.80	2.90	2.00	-0.02
13.60	28.30	26.80	3.20	2.30	-0.01
13.70	28.30	26.80	3.20	2.60	-0.01
13.80	28.20	26.70	3.50	2.60	-0.01
13.90	28.20	26.70	3.30	2.40	-0.01
14.00	28.10	26.80	3.00	2.40	-0.01
14.10	28.10	26.70	3.00	2.40	-0.01
14.20	28.00	26.80	3.30	2.30	-0.01
14.30	28.00	26.80	3.00	2.00	0.00
14.40	28.10	26.80	3.20	2.30	0.00
14.50	28.00	26.90	3.20	2.60	0.00
14.60	28.00	26.90	3.00	2.10	0.00
14.70	28.00	26.80	2.00	2.30	0.00
14.80	27.90	26.90	2.70	2.70	0.00
14.90	27.90	26.90	2.70	2.40	0.00
15.00	27.90	26.80	2.70	2.40	0.00
15.10	27.90	26.80	3.00	2.40	0.00
15.20	27.80	26.70	3.20	2.90	0.00
15.30	27.80	26.70	2.70	2.40	0.00
15.40	27.80	26.70	3.00	2.40	0.00
15.50	27.80	26.70	3.20	2.70	0.00
15.60	27.70	26.70	2.90	2.40	0.00
15.70	27.70	26.70	2.90	2.00	0.00
15.80	27.70	26.70	2.90	2.40	0.00
15.90	27.80	26.70	2.90	2.40	0.00
16.00	27.80	26.70	2.90	2.40	0.00
16.10	27.70	26.80	2.90	4.10	0.00
16.20	27.70	26.70	3.20	1.20	0.00
16.30	27.70	26.70	2.30	2.40	0.00
16.40	27.70	26.80	2.70	2.60	0.00
16.50	27.60	26.80	3.00	2.10	0.00
16.60	27.60	26.80	2.90	2.30	0.00
16.70	27.60	26.80	2.60	2.40	0.00
16.80	27.60	26.70	2.60	2.40	0.00
16.90	27.50	26.60	3.20	2.30	0.00
17.00	27.50	26.60	2.60	2.40	0.00
17.10	27.60	26.70	2.60	2.40	0.00
17.20	27.70	26.90	3.00	2.60	0.00
17.30	27.70	26.90	3.20	3.20	0.00
17.40	27.60	26.80	3.00	2.30	0.00
17.50	27.60	26.80	2.90	2.30	0.00
17.60	27.60	26.80	2.60	2.40	0.00
17.70	27.50	26.80	2.60	2.40	0.00
17.80	27.50	26.80	3.20	2.30	0.00
17.90	27.60	26.80	3.20	3.00	0.02
18.00	27.60	26.80	2.90	2.70	2.07
18.10	27.60	26.70	2.90	2.30	3.51
18.20	27.60	26.70	3.20	2.30	3.94
18.30	27.60	26.90	3.30	2.30	4.03
18.40	27.70	26.80	3.00	2.30	4.73
18.50	27.70	26.80	3.30	2.60	4.99
18.60	27.70	26.80	3.30	2.60	5.04
18.70	27.70	26.80	3.00	2.30	5.05
18.80	27.50	26.50	3.00	2.40	5.71
18.90	27.70	26.70	3.20	2.30	5.99
19.00	27.70	26.70	3.00	2.30	6.04
19.10	27.80	26.80	3.20	2.90	6.74
19.20	27.80	26.70	3.20	2.60	6.99
19.30	27.80	26.70	3.30	2.60	7.03
19.40	27.80	26.70	3.20	2.70	7.03
19.50	27.80	26.70	3.20	2.70	7.03
19.60	27.80	26.70	3.00	2.30	7.03
19.70	28.00	26.80	3.20	2.40	7.70
19.80	27.90	26.80	3.30	2.40	7.96
19.90	27.90	26.80	3.50	2.60	8.01
20.00	28.00	26.80	3.30	2.40	8.02
20.10	28.00	26.80	3.30	2.40	8.02
20.20	27.90	26.80	3.50	2.10	8.02
20.30	27.90	26.60	3.70	2.40	8.71
20.40	27.90	26.60	3.70	2.40	8.96
20.50	28.20	26.70	3.70	2.40	9.00
20.60	28.00	26.60	3.50	2.10	9.01
20.70	28.00	26.60	3.50	2.30	9.01
20.80	28.00	26.70	4.10	2.30	9.01
20.90	27.90	26.50	3.50	2.60	9.01
21.00	27.90	26.50	3.70	2.60	9.01
21.10	28.00	26.60	3.70	2.30	9.01
21.20	28.00	26.60	3.70	2.30	9.01
21.30	28.00	26.60	3.70	2.30	9.72
21.40	28.20	26.70	3.80	2.40	9.96
21.50	28.20	26.70	4.00	2.70	10.00
21.60	28.20	26.70	3.50	2.60	10.01
21.70	28.20	26.60	4.00	1.80	10.73
21.80	28.20	26.60	3.80	2.60	10.97
21.90	28.40	26.70	4.10	2.40	11.73
22.00	28.30	26.70	4.00	2.30	11.97
22.10	28.30	26.70	2.60	2.40	12.74
22.20	28.20	26.60	2.60	2.40	12.97
22.30	28.40	26.70	5.20	2.60	13.72
22.40	28.40	26.70	4.10	2.60	13.96
22.50	28.40	26.70	4.10	2.70	14.01
22.60	28.40	26.60	5.70	2.10	14.77
22.70	28.40	26.60	4.10	2.10	15.72
22.80	28.50	26.70	4.00	2.10	16.68
22.90	28.60	26.70	4.70	2.60	16.96
23.00	28.60	26.70	4.40	2.40	17.01
23.10	28.50	26.60	4.40	2.40	17.02
23.20	28.60	26.60	4.30	2.40	17.01
23.30	28.60	26.60	4.60	2.60	17.01
23.40	28.90	26.70	4.00	2.60	17.72
23.50	28.90	26.70	4.60	2.30	17.96
23.60	28.90	26.70	4.90	2.60	18.00
23.70	28.80	26.70	4.90	2.60	18.01
23.80	28.80	26.60	4.40	2.90	18.01
23.90	28.80	26.60	4.60	2.60	18.01
24.00	28.90	26.70	4.60	2.60	18.01
24.10	29.00	26.70	4.90	2.40	18.01
24.20	29.00	26.70	5.00	2.40	18.72
24.30	29.00	26.70	5.00	2.10	18.96
24.40	29.00	26.80	5.00	2.60	19.00
24.50	29.00	26.80	4.90	2.40	19.01
24.60	29.00	26.80	5.20	2.60	19.74
24.70	29.10	26.70	5.50	2.40	19.96
24.80	29.10	26.70	5.00	2.30	20.00
24.90	29.20	26.70	5.00	2.30	20.01
25.00	29.20	26.80	5.20	2.10	20.73
25.10	29.20	26.80	5.50	2.10	20.96
25.20	29.20	26.60	5.30	2.60	21.00
25.30	29.40	26.70	5.30	2.60	21.01
25.40	29.40	26.70	5.70	2.30	21.01
25.50	29.40	26.80	5.80	2.40	21.01
25.60	29.40	26.70	5.70	2.40	21.01
25.70	29.40	26.70	5.70	2.60	21.01
25.80	29.30	26.60	5.70	2.60	21.01
25.90	29.50	26.70	6.00	2.60	21.01
26.00	29.50	26.70	6.10	2.60	21.01
26.10	29.40	26.60	6.30	2.40	21.72
26.20	29.60	26.70	6.10	2.30	21.96
26.30	29.60	26.70	6.40	2.30	22.74
26.40	29.60	26.70	6.10	2.10	22.97
26.50	29.40	26.60	5.70	2.60	23.01
26.60	29.40	26.60	6.30	2.30	23.01
26.70	29.50	26.70	6.30	2.30	23.01
26.80	29.70	26.80	6.70	2.40	23.01
26.90	29.60	26.80	6.60	2.10	23.76
27.00	29.60	26.80	6.60	2.30	24.69
27.10	29.70	26.80	6.70	2.30	24.96
27.20	29.70	26.80	6.40	2.40	25.01
27.30	29.80	26.70	7.00	2.70	25.01
27.40	29.80	26.70	7.00	2.30	25.01
27.50	29.80	26.70	7.00	2.40	25.01
27.60	29.90	26.70	7.00	2.40	25.01
27.70	29.90	26.70	6.70	2.60	25.01
27.80	29.80	26.80	6.00	2.60	25.01
27.90	29.80	26.80	7.30	2.30	25.01
28.00	29.90	26.70	7.00	2.60	25.01
28.10	29.90	26.70	7.70	2.60	25.01
28.20	29.90	26.80	7.30	2.60	25.01
28.30	29.90	26.60	7.70	4.30	25.01
28.40	29.90	26.60	7.30	2.30	25.01
28.50	30.10	26.60	7.30	2.30	25.72
28.60	30.00	26.60	7.70	2.70	25.96
28.70	30.20	26.60	8.10	1.80	26.00
28.80	30.20	26.60	7.80	2.40	26.01
28.90	30.20	26.70	8.00	2.70	26.01
29.00	30.10	26.70	7.80	2.30	26.01
29.10	30.10	26.70	8.30	2.40	26.01
29.20	30.20	26.50	8.30	2.40	26.01
29.30	30.20	26.50	8.60	2.00	26.01
29.40	30.20	26.60	8.30	2.40	26.01
29.50	30.30	26.50	8.40	2.10	26.01
29.60	30.30	26.50	8.60	2.60	26.01
29.70	30.30	26.60	8.60	2.10	26.01
29.80	30.30	26.60	8.40	2.10	26.01
29.90	30.30	26.60	8.60	2.90	26.01
30.00	30.30	26.60	9.00	2.30	26.01
30.10	30.30	26.60	8.70	2.60	26.01
30.20	30.30	26.60	9.20	2.40	26.01
30.30	30.30	26.70	9.20	2.40	26.01
30.40	30.30	26.60	8.70	2.60	26.01
30.50	30.30	26.60	9.00	2.70	26.01
30.60	30.40	26.60	9.30	2.30	26.01
30.70	30.40	26.60	9.30	2.40	26.01
30.80	30.40	26.60	9.30	2.60	26.01
30.90	30.40	26.60	9.50	2.10	26.01
31.00	30.30	26.60	10.00	2.40	26.01
31.10	30.30	26.60	9.80	2.40	26.01
31.20	30.30	26.60	9.80	2.40	26.01
31.30	30.40	26.60	9.70	2.30	26.01
31.40	30.50	26.60	9.80	2.40	26.01
31.50	30.50	26.60	10.00	2.10	26.01
31.60	30.40	26.60	10.40	2.70	26.01
31.70	30.50	26.60	10.00	2.70	26.01
31.80	30.50	26.60	10.10	2.60	26.01
31.90	30.50	26.70	10.30	2.30	26.01
32.00	30.50	26.70	10.30	2.40	26.01
32.10	30.50	26.60	10.30	2.60	26.01
32.20	30.50	26.70	10.40	2.60	26.01
32.30	30.50	26.70	10.40	2.30	26.01
32.40	30.50	26.50	10.70	2.40	26.01
32.50	30.60	26.60	10.40	2.10	25.33
32.60	30.60	26.60	10.70	2.60	25.76
32.70	30.60	26.60	10.60	2.30	26.68
32.80	30.50	26.70	10.70	2.40	27.69
32.90	30.40	26.60	10.90	2.70	28.69
33.00	30.40	26.60	11.70	2.70	28.97
33.10	30.70	26.70	10.70	2.30	29.77
33.20	30.60	26.60	10.70	2.30	30.71
33.30	30.60	26.60	11.30	2.10	30.98
33.40	30.50	26.60	11.30	2.00	31.75
33.50	30.60	26.60	11.30	2.40	31.97
33.60	30.60	26.60	11.30	2.40	32.02
33.70	30.60	26.50	11.70	2.70	32.02
33.80	30.80	26.60	11.80	2.60	32.74
33.90	30.80	26.60	11.80	2.40	32.96
34.00	30.80	26.60	12.00	2.40	33.00
34.10	30.80	26.70	12.00	2.30	33.02
34.20	30.80	26.70	12.30	2.60	33.01
34.30	30.80	26.60	12.30	2.40	33.74
34.40	30.90	26.60	12.40	2.40	33.97
34.50	30.90	26.60	12.00	2.30	34.01
34.60	31.00	26.80	13.00	2.40	34.02
34.70	31.10	26.70	13.00	2.40	34.75
34.80	31.10	26.70	12.90	2.00	34.97
34.90	31.00	26.50	12.70	2.40	35.01
35.00	31.00	26.70	12.90	2.60	35.02
35.10	31.00	26.70	13.20	2.90	35.02
35.20	31.10	26.50	13.20	2.60	35.02
35.30	31.00	26.40	14.60	2.40	35.02
35.40	31.00	26.40	12.90	2.60	35.02
35.50	31.10	26.70	13.20	2.60	35.01
35.60	31.10	26.40	13.50	2.60	35.02
35.70	31.10	26.70	13.50	2.60	35.01
35.80	31.10	26.70	13.50	2.30	35.02
35.90	31.20	26.60	14.00	2.30	35.02
36.00	31.30	26.70	13.80	2.30	35.02
36.10	31.30	26.70	14.30	2.60	35.01
36.20	31.20	26.60	14.10	2.40	35.01
36.30	31.30	26.70	15.30	2.10	35.02
36.40	31.30	26.70	14.30	2.60	35.02
36.50	31.30	26.50	14.10	2.30	35.01
36.60	31.20	26.60	14.10	2.30	35.02
36.70	31.20	26.60	14.70	2.40	35.01
36.80	31.30	26.60	14.60	2.40	35.02
36.90	31.30	26.70	14.90	2.40	35.01
37.00	31.30	26.70	14.70	0.90	35.01
37.10	31.50	26.60	14.90	2.00	35.02
37.20	31.40	26.50	14.90	2.30	35.01
37.30	31.40	26.50	15.00	2.40	35.02
37.40	31.30	26.50	15.20	2.40	35.01
37.50	31.60	26.70	15.20	2.40	35.01
37.60	31.60	26.70	15.30	2.30	35.01
37.70	31.40	26.60	15.50	1.80	35.01
37.80	31.50	26.60	15.70	2.30	35.01
37.90	31.50	26.60	15.80	2.10	35.02
38.00	31.50	26.50	15.20	2.30	35.01
38.10	31.50	26.70	15.80	2.40	35.01
38.20	31.50	26.70	16.00	3.30	35.01
38.30	31.50	26.50	16.30	1.20	35.01
38.40	31.50	26.50	15.80	2.40	35.02
38.50	31.50	26.60	16.30	2.40	35.01
38.60	31.40	26.70	16.10	2.30	35.01
38.70	31.40	26.70	16.30	2.60	35.02
38.80	31.50	26.60	17.80	2.30	35.01
38.90	31.60	26.60	15.50	2.30	35.01
39.00	31.60	26.60	16.70	2.40	35.01
39.10	31.50	26.70	17.50	2.60	35.01
39.20	31.60	26.60	17.00	2.60	35.02
39.30	31.60	26.60	17.20	2.10	35.02
39.40	31.60	26.70	17.20	2.60	35.01
39.50	31.50	26.60	17.40	2.60	35.01
39.60	31.50	26.60	17.80	2.40	35.01
39.70	31.50	26.70	16.70	2.60	35.01
39.80	31.60	26.60	17.50	2.60	35.01
39.90	31.60	26.60	16.40	2.30	35.01
40.00	31.60	26.60	17.80	2.30	35.01
40.10	31.60	26.60	17.80	2.30	35.01
40.20	31.70	26.70	18.00	2.60	35.01
40.30	31.60	26.50	18.10	2.90	35.01
40.40	31.60	26.70	18.00	2.60	35.01
40.50	31.60	26.70	18.00	2.30	35.02
40.60	31.70	26.70	18.30	2.10	35.01
40.70	31.70	26.60	18.40	2.60	35.01
40.80	31.70	26.60	18.40	3.70	35.01
40.90	31.60	26.60	18.60	2.90	35.01
41.00	31.60	26.60	18.60	2.90	35.01
41.10	31.60	26.70	18.70	2.40	35.01
41.20	31.50	26.60	18.70	2.00	35.01
41.30	31.50	26.60	18.90	2.30	35.01
41.40	31.70	26.70	19.50	2.30	35.02
41.50	31.70	26.70	19.40	2.40	35.01
41.60	31.70	26.60	19.40	2.40	35.01
41.70	31.70	26.60	19.20	4.00	35.01
41.80	31.70	26.70	19.50	2.30	35.01
41.90	31.70	26.70	19.40	2.60	35.01
42.00	31.80	26.80	19.70	2.30	35.02
42.10	31.60	26.70	19.80	2.40	35.02
42.20	31.60	26.70	20.10	2.40	35.02
42.30	31.70	26.60	19.80	2.40	35.02
42.40	31.60	26.60	20.10	2.30	35.02
42.50	31.60	26.60	20.40	2.40	35.01
42.60	31.70	26.50	20.10	2.60	35.02
42.70	31.80	26.70	20.00	2.30	35.02
42.80	31.80	26.70	20.00	2.30	35.02
42.90	31.70	26.60	20.00	2.30	35.01
43.00	31.80	26.70	20.40	2.00	35.02
43.10	31.80	26.70	20.70	2.90	35.01
43.20	31.90	26.80	20.60	2.60	35.01
43.30	31.70	26.50	20.90	2.90	35.02
43.40	31.70	26.50	21.00	2.40	35.02
43.50	31.80	26.60	20.60	2.40	35.01
43.60	31.70	26.60	21.40	2.40	35.01
43.70	31.70	26.60	21.00	2.90	35.01
43.80	31.70	26.70	21.00	2.90	35.02
43.90	31.70	26.70	21.50	2.10	35.01
44.00	31.70	26.70	21.40	2.10	35.02
44.10	31.80	26.80	21.40	2.40	35.02
44.20	31.60	26.50	21.70	2.90	35.02
44.30	31.60	26.50	21.70	2.30	35.01
44.40	31.80	26.60	22.10	2.40	35.02
44.50	31.70	26.70	21.80	2.30	35.02
44.60	31.70	26.70	21.80	2.30	35.02
44.70	31.70	26.60	22.40	2.60	35.02
44.80	31.70	26.70	22.60	4.40	35.02
44.90	31.60	26.60	22.10	2.30	35.01
45.00	31.60	26.60	22.40	2.40	35.02
45.10	31.60	26.50	23.20	2.30	35.02
45.20	31.90	26.70	23.00	2.40	35.02
45.30	31.90	26.70	23.50	2.40	35.02
45.40	31.90	26.60	23.20	2.60	35.02
45.50	31.80	26.70	23.00	1.20	35.02
45.60	31.80	26.70	23.00	2.70	35.02
45.70	31.90	26.80	23.40	2.40	35.02
45.80	31.90	26.80	23.70	2.60	35.02
45.90	31.90	26.70	23.40	3.00	35.02
46.00	31.80	26.80	23.80	3.20	35.02
46.10	31.80	26.80	24.00	2.40	35.02
46.20	31.80	26.70	23.70	2.30	35.02
46.30	31.80	26.70	23.70	2.40	35.02
46.40	31.70	26.70	23.70	2.60	35.02
46.50	31.70	26.70	24.10	2.40	35.02
46.60	31.80	26.70	23.80	2.10	35.02
46.70	31.80	26.70	24.30	2.30	35.02
46.80	31.80	26.70	24.30	2.30	35.02
46.90	31.80	26.70	24.40	1.80	35.02
47.00	31.80	26.70	24.30	3.00	35.02
47.10	31.80	26.70	24.30	2.10	35.02
47.20	31.80	26.70	24.90	2.40	35.03
47.30	31.80	26.70	24.70	2.30	35.02
47.40	31.70	26.60	24.90	2.30	35.02
47.50	31.90	26.80	24.70	2.60	35.02
47.60	32.00	26.70	24.60	2.90	35.02
47.70	32.00	26.70	24.90	1.20	35.02
47.80	31.80	26.60	25.00	2.30	35.03
47.90	31.90	26.60	25.40	2.40	35.02
48.00	31.90	26.60	25.00	2.30	35.02
48.10	31.80	26.70	25.70	2.00	35.02
48.20	31.80	26.70	25.70	2.00	35.02
48.30	31.90	26.70	26.70	2.40	35.02
48.40	31.90	26.70	25.70	2.10	35.02
48.50	31.80	26.50	25.80	2.30	35.02
48.60	31.80	26.50	25.70	2.40	35.02
48.70	31.90	26.70	26.10	2.30	35.02
48.80	31.70	26.70	26.30	2.40	35.02
48.90	31.70	26.70	26.10	2.10	35.02
49.00	31.90	26.70	26.30	2.40	35.03
49.10	31.90	26.70	26.30	2.40	35.02
49.20	31.90	26.70	26.30	2.40	35.02
49.30	31.80	26.70	26.90	2.10	35.02
49.40	31.80	26.70	26.70	2.40	35.02
49.50	31.80	26.60	26.60	2.10	35.02
49.60	31.90	26.60	26.90	2.40	35.02
49.70	31.80	26.70	27.00	2.10	35.02
49.80	31.80	26.70	27.20	2.10	35.02
49.90	31.90	26.70	27.40	2.30	35.02
50.00	31.90	26.70	27.20	2.40	35.02
50.10	31.90	26.70	27.40	2.10	35.02
50.20	32.00	26.70	27.40	2.40	35.02
50.30	31.80	26.60	27.40	2.40	35.02
50.40	31.80	26.60	27.70	2.30	35.02
50.50	31.80	26.60	28.00	2.30	35.02
50.60	31.90	26.70	27.70	2.40	35.02
50.70	31.90	26.70	29.40	2.10	35.02
50.80	32.00	26.70	28.10	2.00	35.02
50.90	31.90	26.70	28.10	2.00	35.02
51.00	31.90	26.70	28.10	2.40	35.02
51.10	31.90	26.70	28.30	2.40	35.02
51.20	31.80	26.70	28.30	2.40	35.02
51.30	31.80	26.70	28.90	2.30	35.02
51.40	32.00	26.80	28.90	2.30	35.02
51.50	31.90	26.70	28.70	2.40	35.02
51.60	31.90	26.70	28.90	2.30	35.02
51.70	31.90	26.70	29.00	2.40	35.02
51.80	31.90	26.60	29.00	2.40	35.02
51.90	31.90	26.60	29.00	4.10	35.02
52.00	31.90	26.70	29.20	2.10	35.02
52.10	31.90	26.70	29.50	2.40	35.02
52.20	31.90	26.70	29.40	2.30	35.02
52.30	31.90	26.60	28.90	2.30	35.02
52.40	31.80	26.70	31.10	2.60	35.02
52.50	31.80	26.70	29.50	2.30	35.02
52.60	31.90	26.70	29.70	2.40	35.02
52.70	32.00	26.70	29.70	2.40	35.02
52.80	32.00	26.70	29.80	2.40	35.02
52.90	32.00	26.70	30.00	2.60	35.02
53.00	31.90	26.60	30.00	2.40	35.02
53.10	31.90	26.60	30.30	2.60	35.02
53.20	31.80	26.60	30.30	1.20	35.02
53.30	32.00	26.80	30.10	2.10	35.02
53.40	32.00	26.80	30.60	2.40	35.02
53.50	31.90	26.70	30.90	2.90	35.02
53.60	31.90	26.70	30.90	2.90	35.02
53.70	31.80	26.70	30.70	2.40	35.02
53.80	31.90	26.70	31.10	2.40	35.03
53.90	31.80	26.70	30.60	2.30	35.02
54.00	31.80	26.70	30.90	2.30	35.02
54.10	31.80	26.70	31.40	2.30	35.02
54.20	32.00	26.70	31.20	2.30	35.02
54.30	32.00	26.70	31.40	2.30	35.02
54.40	32.00	26.80	31.80	2.10	35.02
54.50	31.80	26.70	31.50	2.40	35.03
54.60	31.80	26.70	31.50	2.40	35.02
54.70	31.90	26.70	31.80	2.60	35.02
54.80	32.00	26.70	31.70	2.30	35.02
54.90	32.00	26.70	31.80	2.40	35.02
55.00	31.90	26.70	32.60	2.40	35.02
55.10	32.00	26.70	32.00	2.40	35.02
55.20	32.00	26.70	32.40	2.10	35.02
55.30	32.00	26.80	32.30	2.60	35.02
55.40	32.00	26.70	32.30	2.60	35.02
55.50	32.00	26.70	32.70	2.60	35.02
55.60	32.10	26.70	32.40	2.30	35.02
55.70	32.00	26.70	32.70	1.50	35.02
55.80	32.00	26.70	32.60	3.00	35.02
55.90	31.90	26.60	32.90	2.40	35.02
56.00	32.00	26.70	33.10	2.40	35.02
56.10	31.90	26.70	33.10	2.40	35.02
56.20	31.90	26.70	32.30	2.40	35.02
56.30	32.10	26.80	32.30	2.40	35.02
56.40	32.10	26.80	33.40	2.40	35.02
56.50	32.00	26.60	32.70	2.60	35.02
56.60	32.00	26.60	33.20	1.30	35.02
56.70	32.00	26.60	33.50	2.00	35.02
56.80	31.90	26.60	33.70	2.10	35.02
56.90	31.90	26.60	33.80	2.40	35.02
57.00	32.00	26.70	34.10	2.30	35.02
57.10	32.00	26.70	33.70	2.10	35.01
57.20	32.00	26.70	33.70	2.10	35.03
57.30	32.00	26.70	34.10	2.30	35.03
57.40	31.90	26.60	33.50	2.40	35.01
57.50	31.90	26.60	34.10	2.40	35.02
57.60	31.90	26.70	34.40	2.40	35.02
57.70	31.90	26.60	34.60	2.10	35.03
57.80	31.90	26.60	34.70	2.30	35.02
57.90	31.90	26.60	34.90	2.30	35.01
58.00	31.90	26.70	35.10	2.30	35.03
58.10	31.80	26.60	35.10	2.30	35.01
58.20	31.80	26.60	35.20	2.40	35.02
58.30	32.00	26.80	35.10	2.60	35.03
58.40	32.00	26.80	34.90	2.90	35.01
58.50	32.00	26.80	36.00	2.30	35.03
58.60	31.90	26.70	35.50	2.70	35.02
58.70	31.90	26.70	35.70	2.30	35.02
58.80	31.90	26.70	35.50	2.70	35.01
58.90	32.00	26.70	35.70	2.60	35.02
59.00	32.00	26.70	35.70	2.60	35.03
59.10	32.00	26.70	36.00	2.30	35.03
59.20	32.00	26.70	36.10	2.60	35.02
59.30	32.00	26.70	36.30	2.40	35.02
59.40	32.00	26.70	36.40	2.60	35.02
59.50	31.80	26.70	36.60	2.40	35.02
59.60	31.90	26.70	36.40	2.30	35.03
59.70	31.90	26.70	36.70	2.30	35.02
59.80	31.90	26.60	36.30	2.70	35.01
59.90	31.90	26.80	36.30	2.70	35.02
60.00	31.90	26.80	36.60	2.40	35.02
60.10	32.00	26.70	37.40	2.60	35.02
60.20	32.00	26.80	37.20	2.40	35.02
60.30	32.00	26.80	36.90	1.70	35.02
60.40	31.90	26.70	37.10	2.90	35.02
60.50	31.90	26.70	37.70	2.30	35.02
60.60	31.90	26.70	37.80	2.30	35.02
60.70	31.90	26.70	37.40	2.30	35.02
60.80	31.90	26.80	37.40	2.30	35.02
60.90	31.90	26.80	37.80	2.10	35.02
61.00	31.90	26.70	37.80	2.30	35.02
61.10	32.00	26.70	37.80	2.30	35.03
61.20	31.90	26.70	37.70	2.40	35.02
61.30	31.90	26.70	38.10	2.30	35.02
61.40	31.90	26.60	37.50	2.30	35.02
61.50	31.80	26.50	38.40	2.90	35.02
61.60	31.80	26.50	38.60	2.30	35.02
61.70	31.80	26.70	38.60	2.30	35.02
61.80	31.80	26.70	38.60	2.40	35.02
61.90	31.90	26.70	38.30	2.30	35.02
62.00	32.00	26.80	38.90	2.60	35.02
62.10	31.90	26.70	38.90	2.40	35.02
62.20	31.90	26.70	38.60	2.60	35.02
62.30	31.80	26.60	38.90	2.40	35.02
62.40	31.90	26.70	39.20	1.30	35.02
62.50	31.90	26.70	39.20	2.60	35.03
62.60	31.80	26.70	39.20	2.60	35.03
62.70	31.80	26.70	39.10	2.40	35.02
62.80	31.90	26.70	39.40	2.40	34.94
62.90	32.00	26.80	39.50	2.30	35.83
63.00	32.00	26.80	39.50	2.60	35.96
63.10	31.90	26.70	39.20	2.40	35.97
63.20	31.80	26.70	39.40	2.30	36.03
63.30	31.80	26.70	39.40	2.40	36.14
63.40	31.50	26.60	39.20	2.30	36.12
63.50	31.50	26.60	39.20	2.30	35.83
63.60	31.40	26.60	39.10	2.40	35.06
63.70	31.40	26.60	38.90	2.60	33.34
63.80	31.30	26.70	39.40	2.10	28.87
63.90	31.20	26.80	39.20	3.00	17.27
64.00	31.20	26.80	39.50	2.30	11.84
64.10	31.30	26.80	38.90	2.40	9.16
64.20	31.00	26.70	39.40	2.10	7.39
64.30	31.00	26.70	39.10	1.70	6.13
64.40	30.80	26.70	39.10	1.70	5.13
64.50	30.90	26.70	39.20	3.20	4.32
64.60	30.90	26.70	38.90	1.00	3.69
64.70	30.80	26.80	38.90	2.60	3.15
64.80	30.80	26.80	39.20	2.60	2.72
64.90	30.80	26.80	39.10	3.00	2.36
65.00	30.70	26.70	39.10	2.30	2.05
65.10	30.60	26.70	38.90	2.30	1.80
65.20	30.60	26.70	39.10	2.30	1.58
65.30	30.50	26.70	39.10	2.30	1.39
65.40	30.50	26.70	38.90	2.10	1.22
65.50	30.50	26.70	39.20	2.10	1.07
65.60	30.50	26.80	38.90	3.20	0.94
65.70	30.40	26.70	39.20	2.40	0.82
65.80	30.40	26.70	39.20	2.60	0.72
65.90	30.30	26.80	38.70	2.40	0.63
66.00	30.20	26.60	39.20	2.30	0.55
66.10	30.20	26.60	39.10	2.60	0.47
66.20	30.20	26.70	39.10	2.60	0.41
66.30	30.10	26.70	38.90	2.30	0.35
66.40	30.10	26.70	38.70	1.70	0.30
66.50	30.20	26.80	39.20	2.00	0.25
66.60	30.00	26.60	39.70	2.40	0.21
66.70	30.00	26.60	38.90	1.50	0.16
66.80	30.00	26.60	39.10	1.50	0.13
66.90	30.10	26.80	39.20	2.30	0.09
67.00	30.10	26.80	39.20	2.70	0.07
67.10	29.90	26.70	39.20	2.70	0.04
67.20	29.90	26.70	38.90	2.30	0.02
67.30	29.90	26.80	38.70	2.00	0.00
67.40	30.00	26.70	38.90	2.10	-0.02
67.50	29.90	26.80	39.10	2.30	-0.05
67.60	29.90	26.80	38.60	2.90	-0.07
67.70	29.90	26.80	39.10	2.60	-0.08
67.80	29.90	26.80	38.30	2.40	-0.09
67.90	29.90	26.80	38.90	1.50	-0.11
68.00	29.90	26.70	38.90	1.50	-0.12
68.10	29.70	26.70	39.20	2.10	-0.13
68.20	29.70	26.70	38.90	2.30	-0.14
68.30	29.90	26.80	38.40	2.60	-0.15
68.40	29.80	26.70	39.10	2.60	-0.16
68.50	29.80	26.70	39.20	1.80	-0.17
68.60	29.80	26.80	38.70	2.40	-0.18
68.70	29.80	26.80	38.00	2.70	-0.18
68.80	29.80	26.80	38.90	2.60	-0.19
68.90	29.80	26.70	38.90	2.60	-0.19
69.00	29.90	26.80	39.10	2.60	-0.20
69.10	29.90	26.80	38.90	2.40	-0.20
69.20	29.80	26.80	38.90	1.30	-0.21
69.30	29.90	26.80	38.90	2.30	-0.21
69.40	29.60	26.80	38.90	2.70	-0.22
69.50	29.60	26.80	38.90	2.40	-0.22
69.60	29.70	26.80	38.90	2.30	-0.22
69.70	29.70	26.80	39.10	2.40	-0.23
69.80	29.70	26.70	38.90	2.70	-0.23
69.90	29.70	26.70	39.20	2.40	-0.23
70.00	29.70	26.70	38.90	2.40	-0.24
70.10	29.70	26.70	38.90	2.70	-0.24
70.20	29.60	26.70	38.90	2.30	-0.24
70.30	29.60	26.70	38.90	2.30	-0.25
70.40	29.50	26.70	39.10	2.60	-0.25
70.50	29.50	26.70	39.20	2.70	-0.25
70.60	29.60	26.80	39.20	2.70	-0.25
70.70	29.60	26.80	38.70	2.40	-0.25
70.80	29.60	26.70	38.90	2.40	-0.25
70.90	29.60	26.70	40.10	2.40	-0.26
71.00	29.50	26.70	38.90	2.90	-0.26
71.10	29.60	26.70	39.20	2.30	-0.26
71.20	29.60	26.70	39.10	2.40	-0.26
71.30	29.50	26.70	39.10	2.10	-0.26
71.40	29.40	26.70	38.40	2.60	-0.26
71.50	29.40	26.70	38.40	2.60	-0.26
71.60	29.40	26.70	39.20	2.60	-0.26
71.70	29.50	26.80	39.10	2.40	-0.26
71.80	29.50	26.80	39.10	2.40	-0.26
71.90	29.50	26.80	38.90	2.40	-0.26
72.00	29.50	26.70	38.70	2.30	-0.26
72.10	29.50	26.70	38.90	2.40	-0.26
72.20	29.50	26.80	37.80	2.60	-0.26
72.30	29.40	26.70	38.90	2.60	-0.26
72.40	29.40	26.70	38.90	2.60	-0.26
72.50	29.50	26.80	39.10	2.40	-0.26
72.60	29.50	26.80	38.90	2.60	-0.26
72.70	29.40	26.70	38.90	1.20	-0.26
72.80	29.40	26.80	38.90	1.30	-0.26
72.90	29.40	26.80	37.70	2.30	-0.26
73.00	29.40	26.80	39.10	2.40	-0.25
73.10	29.50	26.80	37.80	2.30	-0.25
73.20	29.50	26.80	38.70	2.30	-0.25
73.30	29.40	26.70	38.70	2.30	-0.25
73.40	29.40	26.70	39.10	2.30	-0.25
73.50	29.50	26.70	38.70	2.60	-0.25
73.60	29.40	26.70	38.90	2.60	-0.25
73.70	29.40	26.70	39.10	2.90	-0.25
73.80	29.40	26.70	38.70	2.40	-0.25
73.90	29.40	26.70	39.10	2.30	-0.25
74.00	29.30	26.70	38.90	2.10	-0.25
74.10	29.40	26.90	38.70	2.30	-0.25
74.20	29.40	26.90	38.70	2.30	-0.25
74.30	29.20	26.70	39.10	2.30	-0.25
74.40	29.40	26.80	38.90	2.10	-0.24
74.50	29.40	26.80	38.70	2.40	-0.24
74.60	29.30	26.70	38.70	2.40	-0.24
74.70	29.30	26.70	39.20	2.40	-0.24
74.80	29.20	26.80	38.70	2.60	-0.24
74.90	29.40	26.80	38.70	2.10	-0.24
75.00	29.40	26.80	38.90	2.10	-0.24
75.10	29.20	26.70	38.90	2.10	-0.23
75.20	29.30	26.70	38.70	2.30	-0.23
75.30	29.30	26.70	39.10	2.60	-0.23
75.40	29.50	27.00	38.90	2.40	-0.23
75.50	29.20	26.80	38.70	2.30	-0.23
75.60	29.20	26.80	39.20	4.10	-0.23
75.70	29.30	26.70	38.90	2.60	-0.23
75.80	29.30	26.80	39.10	2.40	-0.23
75.90	29.30	26.80	38.70	1.80	-0.22
76.00	29.20	26.70	38.70	1.80	-0.22
76.10	29.30	26.80	38.90	2.30	-0.22
76.20	29.30	26.80	39.20	2.60	-0.22
76.30	29.30	26.80	38.90	2.30	-0.22
76.40	29.30	26.80	38.90	2.10	-0.22
76.50	29.30	26.80	39.10	2.40	-0.22
76.60	29.30	26.80	38.90	2.10	-0.22
76.70	29.30	26.70	39.10	2.40	-0.21
76.80	29.30	26.70	38.90	2.40	-0.21
76.90	29.30	26.80	38.90	2.40	-0.21
77.00	29.10	26.60	39.10	2.30	-0.21
77.10	29.10	26.60	38.90	2.60	-0.21
77.20	29.30	26.90	39.10	2.30	-0.21
77.30	29.10	26.70	38.90	2.60	-0.21
77.40	29.10	26.70	38.70	2.60	-0.20
77.50	29.20	26.70	39.10	2.40	-0.20
77.60	29.30	26.90	39.10	2.10	-0.20
77.70	29.00	26.80	38.70	2.10	-0.20
77.80	29.00	26.80	39.50	2.30	-0.20
77.90	29.10	26.70	38.70	2.30	-0.20
78.00	29.10	26.70	39.20	2.60	-0.19
78.10	29.10	26.70	38.90	2.30	-0.19
78.20	29.20	26.70	39.10	2.40	-0.19
78.30	29.10	26.80	39.10	2.60	-0.19
78.40	29.10	26.80	38.40	2.40	-0.19
78.50	29.10	26.70	38.70	2.90	-0.19
78.60	29.10	26.70	38.90	2.10	-0.19
78.70	29.10	26.70	38.70	2.30	-0.19
78.80	29.20	26.80	38.70	2.10	-0.19
78.90	29.00	26.60	38.90	2.30	-0.19
79.00	29.00	26.60	38.90	2.60	-0.18
79.10	29.10	26.70	38.90	2.30	-0.18
79.20	29.30	26.80	39.10	2.10	-0.18
79.30	29.30	26.80	38.90	2.60	-0.18
79.40	29.20	26.70	39.40	2.40	-0.18
79.50	29.10	26.80	39.40	2.40	-0.18
79.60	29.10	26.80	38.90	2.30	-0.18
79.70	29.10	26.80	39.20	2.30	-0.18
79.80	29.20	26.80	39.50	2.70	-0.17
79.90	29.20	26.80	38.70	2.10	-0.17
80.00	29.00	26.80	38.60	2.30	-0.17
80.10	29.00	26.80	38.60	2.40	-0.17
80.20	29.00	26.80	38.60	2.10	-0.17
80.30	29.10	26.80	39.20	2.30	-0.17
80.40	28.90	26.70	38.90	2.10	-0.17
80.50	28.90	26.70	38.40	2.70	-0.16
80.60	29.00	26.80	38.90	2.60	-0.16
80.70	29.00	26.80	38.90	2.40	-0.16
80.80	29.00	26.80	38.90	2.10	-0.16
80.90	29.10	26.80	38.90	2.30	-0.16
81.00	29.00	26.80	38.70	2.30	-0.16
81.10	29.00	26.80	38.90	2.60	-0.16
81.20	29.10	26.80	38.70	2.30	-0.16
81.30	29.10	26.80	38.70	2.30	-0.16
81.40	29.10	26.80	38.90	2.40	-0.15
81.50	29.00	26.80	38.90	2.00	-0.15
81.60	29.00	26.80	39.20	2.70	-0.15
81.70	29.00	26.80	39.10	2.60	-0.15
81.80	28.90	26.70	38.90	2.90	-0.15
81.90	28.90	26.70	38.70	2.40	-0.15
82.00	29.10	26.80	38.10	2.40	-0.15
82.10	28.90	26.80	38.60	2.40	-0.14
82.20	28.90	26.80	38.60	2.40	-0.14
82.30	29.00	26.60	39.50	2.10	-0.14
82.40	28.90	26.70	38.90	2.60	-0.14
82.50	28.90	26.70	38.90	2.30	-0.14
82.60	29.00	26.80	38.90	2.40	-0.14
82.70	28.90	26.80	38.60	2.10	-0.14
82.80	28.90	26.80	39.20	2.60	-0.14
82.90	29.10	26.90	38.90	2.40	-0.14
83.00	28.90	26.80	39.10	2.30	-0.14
83.10	28.90	26.80	39.10	2.30	-0.13
83.20	29.00	26.90	39.10	2.40	-0.13
83.30	28.90	26.70	38.90	2.40	-0.13
83.40	28.90	26.70	38.90	2.30	-0.13
83.50	28.90	26.70	38.60	2.60	-0.13
83.60	28.90	26.70	38.90	2.00	-0.13
83.70	28.90	26.70	38.90	2.70	-0.13
83.80	29.00	26.80	38.90	2.60	-0.13
83.90	28.90	26.70	39.40	2.30	-0.12
84.00	28.90	26.70	39.40	2.30	-0.12
84.10	29.00	26.90	38.70	2.40	-0.12
84.20	28.90	26.90	38.90	2.40	-0.12
84.30	28.90	26.90	38.70	2.40	-0.12
84.40	29.00	26.70	38.90	2.60	-0.12
84.50	29.00	26.80	39.20	2.40	-0.12
84.60	29.00	26.80	39.10	2.10	-0.12
84.70	28.80	26.70	38.60	2.10	-0.12
84.80	28.90	26.80	38.70	2.30	-0.12
84.90	28.90	26.80	38.70	2.30	-0.12
85.00	28.90	26.70	38.90	2.30	-0.11
85.10	28.90	26.70	38.60	2.30	-0.11
85.20	28.90	26.70	38.60	2.40	-0.11
85.30	29.00	26.80	38.90	2.30	-0.11
85.40	28.90	26.80	38.70	2.30	-0.11
85.50	28.90	26.80	39.10	2.40	-0.11
85.60	28.90	26.80	38.90	2.30	-0.11
85.70	28.90	26.80	38.90	2.60	-0.11
85.80	28.70	26.80	38.90	2.60	-0.11
85.90	28.70	26.80	38.90	2.40	-0.11
86.00	29.00	26.80	38.90	1.50	-0.11
86.10	28.80	26.80	38.90	2.30	-0.11
86.20	28.80	26.80	38.60	2.30	-0.10
86.30	28.80	26.80	38.70	2.60	-0.10
86.40	28.90	26.80	38.90	2.40	-0.10
86.50	28.90	26.80	39.70	2.30	-0.10
86.60	28.90	26.70	38.60	2.60	-0.10
86.70	28.90	27.00	39.20	2.60	-0.10
86.80	28.90	27.00	39.10	2.40	-0.10
86.90	28.90	26.80	38.30	2.40	-0.10
87.00	28.90	26.90	38.70	4.30	-0.10
87.10	28.90	26.90	38.90	2.40	-0.10
87.20	28.90	26.80	38.90	2.40	-0.09
87.30	28.90	26.80	38.60	2.40	-0.09
87.40	28.90	26.80	38.90	2.30	-0.09
87.50	28.80	26.80	38.60	2.40	-0.09
87.60	28.90	26.80	38.70	2.30	-0.09
87.70	28.90	26.80	39.10	2.40	-0.09
87.80	28.90	27.00	39.10	2.70	-0.09
87.90	28.90	26.90	38.70	2.60	-0.09
88.00	28.90	26.90	39.20	2.10	-0.09
88.10	28.90	26.80	38.90	2.30	-0.09
88.20	28.90	27.00	37.70	2.60	-0.09
88.30	28.90	27.00	38.90	2.60	-0.08
88.40	28.80	26.80	38.90	2.60	-0.09
88.50	28.90	26.90	38.70	2.10	-0.08
88.60	28.90	26.90	38.70	2.30	-0.08
88.70	28.90	26.80	38.90	1.20	-0.08
88.80	28.90	26.80	38.90	2.60	-0.08
88.90	28.80	26.80	38.90	2.60	-0.08
89.00	28.80	26.80	39.20	2.30	-0.08
89.10	28.80	26.80	39.40	2.60	-0.08
89.20	28.80	26.70	38.90	2.40	-0.08
89.30	28.80	26.80	38.90	2.40	-0.08
89.40	28.80	26.80	39.10	2.40	-0.08
89.50	28.90	26.90	38.70	2.40	-0.08
89.60	28.70	26.80	38.90	2.30	-0.08
89.70	28.70	26.80	39.10	2.60	-0.09
89.80	28.90	27.00	38.70	2.30	-0.09
89.90	28.80	26.80	38.90	2.40	-0.09
90.00	28.80	26.80	38.90	2.40	-0.09
90.10	28.80	26.80	38.90	2.00	-0.09
90.20	28.80	26.90	38.90	2.00	-0.09
90.30	28.80	26.90	38.90	2.30	-0.09
90.40	28.70	26.90	38.90	2.30	-0.09
90.50	28.80	26.70	39.20	2.60	-0.09
90.60	28.80	26.70	39.10	2.30	-0.09
90.70	28.80	26.90	39.10	2.40	-0.09
90.80	28.70	26.80	38.90	2.60	-0.02
90.90	28.70	26.80	38.70	1.70	0.00
91.00	28.60	26.80	38.60	2.40	0.00
91.10	28.70	26.80	38.60	2.40	0.00
91.20	28.70	26.80	38.90	2.60	0.00
91.30	28.80	26.80	39.20	2.40	0.00
91.40	28.70	26.80	38.70	2.40	0.00
91.50	28.70	26.80	38.60	2.40	0.00
91.60	28.70	26.80	38.70	2.90	0.00
91.70	28.80	26.70	39.10	2.30	0.00
91.80	28.80	26.70	38.90	2.10	0.00
91.90	28.70	26.80	38.70	2.40	0.00
92.00	28.80	26.90	38.70	2.40	0.00
92.10	28.80	26.90	38.40	2.40	0.00
92.20	28.70	26.90	38.90	2.30	0.00
92.30	28.80	26.90	38.90	1.80	0.00
92.40	28.80	26.90	38.90	1.50	0.00
92.50	28.70	26.70	38.70	2.40	0.01
92.60	28.80	26.90	38.60	2.60	0.01
92.70	28.80	26.90	38.90	2.40	0.01
92.80	28.70	26.80	38.00	2.40	0.00
92.90	28.80	26.90	38.00	2.40	0.00
93.00	28.80	26.90	38.90	2.30	0.00
93.10	28.80	26.90	38.60	2.40	0.00
93.20	28.80	26.90	39.10	2.10	0.00
93.30	28.60	26.80	38.90	2.60	0.00
93.40	28.70	26.80	38.70	2.30	0.00
93.50	28.70	26.80	38.90	2.60	0.01
93.60	28.70	26.90	38.90	2.30	0.01
93.70	28.70	26.90	39.10	2.60	0.01
93.80	28.70	26.90	39.10	2.60	0.00
93.90	28.70	26.90	38.90	2.10	0.00
94.00	28.60	26.80	38.70	2.30	0.00
94.10	28.60	26.80	38.70	2.40	0.00
94.20	28.70	26.70	38.70	2.30	0.00
94.30	28.70	26.80	38.40	2.30	0.00
94.40	28.70	26.80	39.10	1.70	0.00
94.50	28.80	26.90	38.70	2.30	0.00
94.60	28.80	26.90	38.90	2.60	0.00
94.70	28.50	26.70	38.90	2.60	0.00
94.80	28.50	26.70	39.20	2.40	0.00
94.90	28.70	26.80	38.70	2.40	0.00
95.00	28.60	26.90	38.90	2.40	0.00
95.10	28.60	26.90	38.90	2.30	0.00
95.20	28.80	26.80	39.10	2.30	0.00
95.30	28.50	26.80	38.70	2.40	0.00
95.40	28.50	26.80	38.90	2.00	0.00
95.50	28.80	26.80	38.60	2.30	0.00
95.60	28.70	26.80	38.60	2.30	0.00
95.70	28.70	26.80	38.70	2.60	0.00
95.80	28.70	26.80	39.20	2.70	0.00
95.90	28.70	26.90	39.10	2.10	0.00
96.00	28.70	26.90	40.00	2.40	0.00
96.10	28.70	26.90	38.60	2.40	0.00
96.20	28.70	26.90	38.00	2.30	0.00
96.30	28.70	26.90	39.20	2.60	0.00
96.40	28.60	26.90	38.90	2.30	0.00
96.50	28.50	26.80	39.10	2.60	0.00
96.60	28.50	26.80	38.90	2.60	0.00
96.70	28.70	26.80	38.70	2.30	0.00
96.80	28.70	26.90	38.90	2.70	0.00
96.90	28.70	26.90	39.50	2.40	0.00
97.00	28.70	26.80	38.90	2.70	0.00
97.10	28.60	26.80	39.40	2.60	0.00
97.20	28.60	26.80	39.10	2.40	0.00
97.30	28.80	27.00	39.10	2.40	0.00
97.40	28.60	26.90	39.40	2.40	0.00
97.50	28.60	26.90	38.30	2.60	0.00
97.60	28.60	26.90	38.60	2.90	0.00
97.70	28.70	26.80	38.70	2.40	0.00
97.80	28.70	26.80	39.20	2.60	0.00
97.90	28.40	26.70	39.10	2.60	0.00
98.00	28.70	26.80	39.40	2.10	0.00
98.10	28.70	26.80	38.90	2.40	0.00
98.20	28.70	26.90	38.90	2.40	0.00
98.30	28.70	26.80	39.40	2.10	0.00
98.40	28.70	26.80	38.90	2.30	0.00
98.50	28.60	26.80	38.70	2.10	0.00
98.60	28.60	26.80	38.70	2.40	0.00
98.70	28.70	26.80	39.40	1.30	0.00
98.80	28.70	26.90	38.70	2.10	0.00
98.90	28.70	26.90	38.70	2.30	0.00
99.00	28.60	26.80	40.30	2.30	0.00
99.10	28.60	26.70	40.30	2.30	0.00
99.20	28.60	26.70	38.70	2.40	0.00
99.30	28.70	26.80	38.60	2.70	0.00
99.40	28.70	26.90	38.90	2.30	0.00
99.50	28.50	26.80	38.70	2.40	0.00
99.60	28.50	26.80	38.70	2.60	0.00
99.70	28.70	26.80	38.70	1.80	0.00
99.80	28.70	26.80	38.70	2.30	0.00
99.90	28.60	26.90	38.60	2.10	0.00
100.00	28.70	26.90	38.60	2.10	0.00
100.10	28.70	26.90	38.90	2.60	0.00
100.20	28.70	26.90	38.90	2.70	0.00
100.30	28.50	26.90	38.60	2.40	0.00
100.40	28.50	26.90	37.80	2.40	0.00
100.50	28.60	26.90	39.40	2.30	0.00
100.60	28.60	26.80	38.90	2.30	0.00
100.70	28.60	27.00	38.90	2.10	0.00
100.80	28.60	27.00	38.70	2.60	0.00
100.90	28.60	26.80	38.70	2.60	0.00
101.00	28.60	26.90	39.40	2.90	0.00
101.10	28.60	26.90	39.10	2.30	0.00
101.20	28.60	26.70	38.90	2.70	0.00
101.30	28.60	26.70	38.60	2.60	0.00
101.40	28.70	27.00	39.10	2.40	0.00
101.50	28.60	26.80	38.90	2.30	0.00
101.60	28.60	26.90	38.60	2.40	0.00
101.70	28.60	26.90	39.70	2.60	0.00
101.80	28.60	26.80	39.70	2.60	0.00
101.90	28.60	26.80	38.90	2.40	0.00
102.00	28.50	26.80	38.90	2.60	0.00
102.10	28.70	27.00	39.10	2.40	0.00
102.20	28.70	27.00	38.90	2.60	0.00
102.30	28.60	26.80	38.70	2.30	0.00
102.40	28.60	26.80	39.50	2.30	0.00
102.50	28.60	26.80	38.90	2.60	0.00
102.60	28.50	26.80	38.70	2.30	0.00
102.70	28.50	26.80	38.70	2.30	0.00
102.80	28.50	27.00	39.10	2.30	0.00
102.90	28.50	26.80	38.70	2.60	0.00
103.00	28.50	26.80	38.70	2.60	0.00
103.10	28.60	26.90	38.90	4.30	0.00
103.20	28.60	26.90	38.70	2.30	0.00
103.30	28.50	26.80	38.70	2.10	0.00
103.40	28.50	26.90	38.90	2.30	0.00
103.50	28.50	26.90	38.90	2.30	0.00
103.60	28.70	26.90	39.80	2.30	0.00
103.70	28.70	27.10	38.90	2.70	0.00
103.80	28.70	27.10	38.90	2.60	0.00
103.90	28.40	26.80	38.90	2.40	0.00
104.00	28.50	26.80	38.70	1.50	0.00
104.10	28.50	26.80	38.70	2.40	0.00
104.20	28.60	26.90	38.70	2.70	0.00
104.30	28.50	27.00	38.70	2.60	0.00
104.40	28.50	27.00	38.70	3.00	0.00
104.50	28.60	26.90	40.30	2.40	0.00
104.60	28.50	26.90	38.70	3.30	0.00
104.70	28.50	26.90	38.70	2.40	0.00
104.80	28.50	26.90	38.70	2.70	0.00
104.90	28.50	26.90	38.90	2.30	0.00
105.00	28.50	26.90	40.60	2.60	0.00
105.10	28.50	26.80	39.10	2.40	0.00
105.20	28.60	26.90	38.40	2.60	0.00
105.30	28.60	26.90	38.70	2.40	0.00
105.40	28.50	26.90	38.70	2.40	0.00
105.50	28.60	27.00	38.90	2.40	0.00
105.60	28.60	27.00	38.90	2.70	0.00
105.70	28.50	26.90	38.40	2.30	0.00
105.80	28.50	26.90	38.10	2.40	0.00
105.90	28.50	26.90	38.60	2.70	0.00
106.00	28.60	26.90	39.10	2.40	0.00
106.10	28.50	26.90	38.90	2.30	0.00
106.20	28.50	26.90	39.40	2.60	0.00
106.30	28.50	26.90	39.40	2.60	0.00
106.40	28.50	26.80	38.70	2.00	0.00
106.50	28.50	26.90	39.10	2.30	0.00
106.60	28.50	26.90	38.70	2.40	0.00
106.70	28.50	27.00	39.20	2.60	0.00
106.80	28.50	27.00	38.70	2.60	0.00
106.90	28.60	27.00	38.60	2.30	0.00
107.00	28.60	26.90	39.20	4.30	0.00
107.10	28.60	26.90	38.90	2.30	0.00
107.20	28.60	26.90	38.90	2.30	0.00
107.30	28.60	26.90	38.60	2.40	0.00
107.40	28.60	26.90	38.90	2.60	0.00
107.50	28.50	26.80	39.10	2.30	0.00
107.60	28.60	26.90	38.40	2.30	0.00
107.70	28.50	26.90	38.60	2.40	0.00
107.80	28.50	26.90	38.90	2.30	0.00
107.90	28.60	26.90	38.70	2.40	0.00
108.00	28.60	26.90	38.60	2.30	0.00
108.10	28.50	26.80	38.60	2.40	0.00
108.20	28.60	27.00	38.60	2.00	0.00
108.30	28.40	26.90	38.90	2.70	0.00
108.40	28.40	26.90	39.50	2.40	0.00
108.50	28.50	26.90	38.90	2.30	0.00
108.60	28.50	26.90	39.10	2.40	0.00
108.70	28.60	27.00	38.70	2.40	0.00
108.80	28.50	26.80	38.90	2.40	0.00
108.90	28.50	26.80	38.90	2.40	0.00
109.00	28.50	26.80	39.10	2.40	0.00
109.10	28.40	26.90	38.90	2.40	0.00
109.20	28.60	26.90	38.90	2.40	0.00
109.30	28.60	26.90	38.70	2.30	0.00
109.40	28.60	26.80	39.10	2.40	0.00
109.50	28.60	26.80	38.60	2.30	0.00
109.60	28.60	26.80	39.20	2.40	0.00
109.70	28.40	26.80	38.90	2.30	0.00
109.80	28.40	26.90	38.90	2.30	0.00
109.90	28.40	26.90	38.40	2.60	0.00
110.00	28.60	26.90	38.90	2.60	0.00
110.10	28.60	26.90	38.90	2.10	0.00
110.20	28.60	26.90	38.30	2.30	0.00
110.30	28.40	26.80	39.20	2.70	0.00
110.40	28.50	26.90	38.40	2.60	0.00
110.50	28.50	26.90	39.10	2.30	0.00
110.60	28.40	26.80	38.70	2.40	0.00
110.70	28.60	26.80	38.70	2.40	0.00
110.80	28.60	26.80	38.70	2.40	0.00
110.90	28.60	26.90	38.60	2.30	0.00
111.00	28.60	26.90	39.20	2.30	0.00
111.10	28.60	26.90	38.70	2.40	0.00
111.20	28.50	26.80	38.70	2.10	0.00
111.30	28.60	26.80	38.60	2.60	0.00
111.40	28.60	26.80	37.70	2.40	0.00
111.50	28.40	26.90	38.90	2.90	0.00
111.60	28.50	26.90	38.90	2.90	0.00
111.70	28.50	26.90	38.60	2.40	0.00
111.80	28.50	26.90	39.50	2.60	0.00
111.90	28.40	26.90	39.40	2.40	0.00
112.00	28.40	26.90	39.10	1.70	0.00
112.10	28.40	26.80	38.70	2.30	0.00
112.20	28.60	27.10	38.90	2.40	0.00
112.30	28.60	27.10	38.70	2.00	0.00
112.40	28.40	26.70	38.70	2.30	0.00
112.50	28.50	26.80	38.70	2.30	0.00
112.60	28.50	26.80	38.30	2.60	0.00
112.70	28.50	27.00	38.60	2.60	0.00
112.80	28.50	26.90	39.10	1.70	0.00
112.90	28.60	26.90	38.90	2.30	0.00
113.00	28.60	26.90	38.90	2.30	0.00
113.10	28.40	27.00	39.10	2.40	0.00
113.20	28.50	26.80	39.20	1.80	0.00
113.30	28.50	26.80	38.60	2.40	0.00
113.40	28.40	26.80	38.60	2.40	0.00
